# LAMMPS data file written by OVITO Basic 3.10.6

216 atoms
1 atom types

15.11 0.0 0.0 avec
-7.4 12.81 0.0 bvec
0.0 0.0 12.17 cvec
0.0 0.0 0.0 abc origin

Masses

1 28.0855  # Si

Atoms  # atomic

1 1 0.0172222199 1.4233331419 1.0141662484
2 1 1.2677773258 0.7116670591 3.0424996956
3 1 0.0172222199 1.4233331419 5.0708331428
4 1 1.2677773258 0.7116670591 7.09916659
5 1 0.0172222199 1.4233331419 9.1275000372
6 1 1.2677773258 0.7116670591 11.1558334844
7 1 -1.2161106543 3.5583333429 1.0141662484
8 1 0.0344444398 2.8466662838 3.0424996956
9 1 -1.2161106543 3.5583333429 5.0708331428
10 1 0.0344444398 2.8466662838 7.09916659
11 1 -1.2161106543 3.5583333429 9.1275000372
12 1 0.0344444398 2.8466662838 11.1558334844
13 1 -2.4494445258 5.6933335439 1.0141662484
14 1 -1.1988884344 4.9816664848 3.0424996956
15 1 -2.4494445258 5.6933335439 5.0708331428
16 1 -1.1988884344 4.9816664848 7.09916659
17 1 -2.4494445258 5.6933335439 9.1275000372
18 1 -1.1988884344 4.9816664848 11.1558334844
19 1 -3.6827774 7.8283337449 1.0141662484
20 1 -2.4322223059 7.1166666857 3.0424996956
21 1 -3.6827774 7.8283337449 5.0708331428
22 1 -2.4322223059 7.1166666857 7.09916659
23 1 -3.6827774 7.8283337449 9.1275000372
24 1 -2.4322223059 7.1166666857 11.1558334844
25 1 -4.9161112833 9.9633329695 1.0141662484
26 1 -3.6655551801 9.2516668867 3.0424996956
27 1 -4.9161112833 9.9633329695 5.0708331428
28 1 -3.6655551801 9.2516668867 7.09916659
29 1 -4.9161112833 9.9633329695 9.1275000372
30 1 -3.6655551801 9.2516668867 11.1558334844
31 1 -6.1494441575 12.0983331705 1.0141662484
32 1 -4.8988890516 11.3866670877 3.0424996956
33 1 -6.1494441575 12.0983331705 5.0708331428
34 1 -4.8988890516 11.3866670877 7.09916659
35 1 -6.1494441575 12.0983331705 9.1275000372
36 1 -4.8988890516 11.3866670877 11.1558334844
37 1 2.5355556371 1.4233331419 1.0141662484
38 1 3.786110743 0.7116670591 3.0424996956
39 1 2.5355556371 1.4233331419 5.0708331428
40 1 3.786110743 0.7116670591 7.09916659
41 1 2.5355556371 1.4233331419 9.1275000372
42 1 3.786110743 0.7116670591 11.1558334844
43 1 1.3022217656 3.5583333429 1.0141662484
44 1 2.552777857 2.8466662838 3.0424996956
45 1 1.3022217656 3.5583333429 5.0708331428
46 1 2.552777857 2.8466662838 7.09916659
47 1 1.3022217656 3.5583333429 9.1275000372
48 1 2.552777857 2.8466662838 11.1558334844
49 1 0.0688888914 5.6933335439 1.0141662484
50 1 1.3194439855 4.9816664848 3.0424996956
51 1 0.0688888914 5.6933335439 5.0708331428
52 1 1.3194439855 4.9816664848 7.09916659
53 1 0.0688888914 5.6933335439 9.1275000372
54 1 1.3194439855 4.9816664848 11.1558334844
55 1 -1.1644439827 7.8283337449 1.0141662484
56 1 0.0861111113 7.1166666857 3.0424996956
57 1 -1.1644439827 7.8283337449 5.0708331428
58 1 0.0861111113 7.1166666857 7.09916659
59 1 -1.1644439827 7.8283337449 9.1275000372
60 1 0.0861111113 7.1166666857 11.1558334844
61 1 -2.3977778661 9.9633329695 1.0141662484
62 1 -1.1472217628 9.2516668867 3.0424996956
63 1 -2.3977778661 9.9633329695 5.0708331428
64 1 -1.1472217628 9.2516668867 7.09916659
65 1 -2.3977778661 9.9633329695 9.1275000372
66 1 -1.1472217628 9.2516668867 11.1558334844
67 1 -3.6311107403 12.0983331705 1.0141662484
68 1 -2.3805556344 11.3866670877 3.0424996956
69 1 -3.6311107403 12.0983331705 5.0708331428
70 1 -2.3805556344 11.3866670877 7.09916659
71 1 -3.6311107403 12.0983331705 9.1275000372
72 1 -2.3805556344 11.3866670877 11.1558334844
73 1 5.0538890544 1.4233331419 1.0141662484
74 1 6.3044441603 0.7116670591 3.0424996956
75 1 5.0538890544 1.4233331419 5.0708331428
76 1 6.3044441603 0.7116670591 7.09916659
77 1 5.0538890544 1.4233331419 9.1275000372
78 1 6.3044441603 0.7116670591 11.1558334844
79 1 3.8205551828 3.5583333429 1.0141662484
80 1 5.0711112743 2.8466662838 3.0424996956
81 1 3.8205551828 3.5583333429 5.0708331428
82 1 5.0711112743 2.8466662838 7.09916659
83 1 3.8205551828 3.5583333429 9.1275000372
84 1 5.0711112743 2.8466662838 11.1558334844
85 1 2.5872223087 5.6933335439 1.0141662484
86 1 3.8377774027 4.9816664848 3.0424996956
87 1 2.5872223087 5.6933335439 5.0708331428
88 1 3.8377774027 4.9816664848 7.09916659
89 1 2.5872223087 5.6933335439 9.1275000372
90 1 3.8377774027 4.9816664848 11.1558334844
91 1 1.3538884371 7.8283337449 1.0141662484
92 1 2.6044445286 7.1166666857 3.0424996956
93 1 1.3538884371 7.8283337449 5.0708331428
94 1 2.6044445286 7.1166666857 7.09916659
95 1 1.3538884371 7.8283337449 9.1275000372
96 1 2.6044445286 7.1166666857 11.1558334844
97 1 0.1205555511 9.9633329695 1.0141662484
98 1 1.371110657 9.2516668867 3.0424996956
99 1 0.1205555511 9.9633329695 5.0708331428
100 1 1.371110657 9.2516668867 7.09916659
101 1 0.1205555511 9.9633329695 9.1275000372
102 1 1.371110657 9.2516668867 11.1558334844
103 1 -1.112777323 12.0983331705 1.0141662484
104 1 0.1377777829 11.3866670877 3.0424996956
105 1 -1.112777323 12.0983331705 5.0708331428
106 1 0.1377777829 11.3866670877 7.09916659
107 1 -1.112777323 12.0983331705 9.1275000372
108 1 0.1377777829 11.3866670877 11.1558334844
109 1 7.5722224716 1.4233331419 1.0141662484
110 1 8.8227775775 0.7116670591 3.0424996956
111 1 7.5722224716 1.4233331419 5.0708331428
112 1 8.8227775775 0.7116670591 7.09916659
113 1 7.5722224716 1.4233331419 9.1275000372
114 1 8.8227775775 0.7116670591 11.1558334844
115 1 6.3388886001 3.5583333429 1.0141662484
116 1 7.5894446915 2.8466662838 3.0424996956
117 1 6.3388886001 3.5583333429 5.0708331428
118 1 7.5894446915 2.8466662838 7.09916659
119 1 6.3388886001 3.5583333429 9.1275000372
120 1 7.5894446915 2.8466662838 11.1558334844
121 1 5.1055557259 5.6933335439 1.0141662484
122 1 6.35611082 4.9816664848 3.0424996956
123 1 5.1055557259 5.6933335439 5.0708331428
124 1 6.35611082 4.9816664848 7.09916659
125 1 5.1055557259 5.6933335439 9.1275000372
126 1 6.35611082 4.9816664848 11.1558334844
127 1 3.8722218544 7.8283337449 1.0141662484
128 1 5.1227779458 7.1166666857 3.0424996956
129 1 3.8722218544 7.8283337449 5.0708331428
130 1 5.1227779458 7.1166666857 7.09916659
131 1 3.8722218544 7.8283337449 9.1275000372
132 1 5.1227779458 7.1166666857 11.1558334844
133 1 2.6388889684 9.9633329695 1.0141662484
134 1 3.8894440743 9.2516668867 3.0424996956
135 1 2.6388889684 9.9633329695 5.0708331428
136 1 3.8894440743 9.2516668867 7.09916659
137 1 2.6388889684 9.9633329695 9.1275000372
138 1 3.8894440743 9.2516668867 11.1558334844
139 1 1.4055550969 12.0983331705 1.0141662484
140 1 2.6561112001 11.3866670877 3.0424996956
141 1 1.4055550969 12.0983331705 5.0708331428
142 1 2.6561112001 11.3866670877 7.09916659
143 1 1.4055550969 12.0983331705 9.1275000372
144 1 2.6561112001 11.3866670877 11.1558334844
145 1 10.0905558888 1.4233331419 1.0141662484
146 1 11.3411109947 0.7116670591 3.0424996956
147 1 10.0905558888 1.4233331419 5.0708331428
148 1 11.3411109947 0.7116670591 7.09916659
149 1 10.0905558888 1.4233331419 9.1275000372
150 1 11.3411109947 0.7116670591 11.1558334844
151 1 8.8572220173 3.5583333429 1.0141662484
152 1 10.1077781087 2.8466662838 3.0424996956
153 1 8.8572220173 3.5583333429 5.0708331428
154 1 10.1077781087 2.8466662838 7.09916659
155 1 8.8572220173 3.5583333429 9.1275000372
156 1 10.1077781087 2.8466662838 11.1558334844
157 1 7.6238891431 5.6933335439 1.0141662484
158 1 8.8744442372 4.9816664848 3.0424996956
159 1 7.6238891431 5.6933335439 5.0708331428
160 1 8.8744442372 4.9816664848 7.09916659
161 1 7.6238891431 5.6933335439 9.1275000372
162 1 8.8744442372 4.9816664848 11.1558334844
163 1 6.3905552716 7.8283337449 1.0141662484
164 1 7.641111363 7.1166666857 3.0424996956
165 1 6.3905552716 7.8283337449 5.0708331428
166 1 7.641111363 7.1166666857 7.09916659
167 1 6.3905552716 7.8283337449 9.1275000372
168 1 7.641111363 7.1166666857 11.1558334844
169 1 5.1572223856 9.9633329695 1.0141662484
170 1 6.4077774915 9.2516668867 3.0424996956
171 1 5.1572223856 9.9633329695 5.0708331428
172 1 6.4077774915 9.2516668867 7.09916659
173 1 5.1572223856 9.9633329695 9.1275000372
174 1 6.4077774915 9.2516668867 11.1558334844
175 1 3.9238885141 12.0983331705 1.0141662484
176 1 5.1744446173 11.3866670877 3.0424996956
177 1 3.9238885141 12.0983331705 5.0708331428
178 1 5.1744446173 11.3866670877 7.09916659
179 1 3.9238885141 12.0983331705 9.1275000372
180 1 5.1744446173 11.3866670877 11.1558334844
181 1 12.6088893061 1.4233331419 1.0141662484
182 1 13.8594444119 0.7116670591 3.0424996956
183 1 12.6088893061 1.4233331419 5.0708331428
184 1 13.8594444119 0.7116670591 7.09916659
185 1 12.6088893061 1.4233331419 9.1275000372
186 1 13.8594444119 0.7116670591 11.1558334844
187 1 11.3755554345 3.5583333429 1.0141662484
188 1 12.626111526 2.8466662838 3.0424996956
189 1 11.3755554345 3.5583333429 5.0708331428
190 1 12.626111526 2.8466662838 7.09916659
191 1 11.3755554345 3.5583333429 9.1275000372
192 1 12.626111526 2.8466662838 11.1558334844
193 1 10.1422225604 5.6933335439 1.0141662484
194 1 11.3927776544 4.9816664848 3.0424996956
195 1 10.1422225604 5.6933335439 5.0708331428
196 1 11.3927776544 4.9816664848 7.09916659
197 1 10.1422225604 5.6933335439 9.1275000372
198 1 11.3927776544 4.9816664848 11.1558334844
199 1 8.9088886888 7.8283337449 1.0141662484
200 1 10.1594447803 7.1166666857 3.0424996956
201 1 8.9088886888 7.8283337449 5.0708331428
202 1 10.1594447803 7.1166666857 7.09916659
203 1 8.9088886888 7.8283337449 9.1275000372
204 1 10.1594447803 7.1166666857 11.1558334844
205 1 7.6755558028 9.9633329695 1.0141662484
206 1 8.9261109087 9.2516668867 3.0424996956
207 1 7.6755558028 9.9633329695 5.0708331428
208 1 8.9261109087 9.2516668867 7.09916659
209 1 7.6755558028 9.9633329695 9.1275000372
210 1 8.9261109087 9.2516668867 11.1558334844
211 1 6.4422219313 12.0983331705 1.0141662484
212 1 7.6927780346 11.3866670877 3.0424996956
213 1 6.4422219313 12.0983331705 5.0708331428
214 1 7.6927780346 11.3866670877 7.09916659
215 1 6.4422219313 12.0983331705 9.1275000372
216 1 7.6927780346 11.3866670877 11.1558334844
